$ANSIBLE_VAULT;1.1;AES256
61306134666265613235346261316139636632313933336461356338616162613033386561303762
3138373034303030343735663231363235303263376538340a613561303934303565643439616139
36343035646536343936303765326262313333323564303461653630336230643331386365633663
3132366333353065630a396464613834663237316161373038383736316362326565626237643631
35383938376233336232333532383263343835666661666165613865343866646537366334656632
38333739386239663432626262356336316532336134636265366134653039666638656632383535
31383265646561643966343563366638396336353762383237636635303732376331663231616337
63356236303862633364616163616563306439316230326538663665356163643039643832643333
35633162623462633837363237613264646230396633656438383435633330616136663435386234
63626162653766653461636331336636383363623363633530363931303838333763303637346139
37326364663266653938613738306662303738373830613731366638663135666163633065396461
31353635633833303965643434333634616336343836646430393335336231663435323839366363
31653733666461353836636664306663346364303434373139333332323361656561356464353734
32613761633134346430326265313863303030363635393739626332653161363835383962383638
37306335373065353030373335376336343638383538323736643737356534303538353266326161
38333739636563353431323833646463616135626530373635313637653536666361623934356332
62336130323361616636666231303734646439393930366534646464653734346438313231643935
36353637366465363635346636363135656333393765346332386130366362646137663836363539
62353037396338386665656637613435326438346264626134353463373932373731353061643263
36623535626330656531633737336666376338383932313436356161643634616339376661653336
35343833323963333064643433363734623236336232353462633235323566353365313137303265
63613536623563383963396235613635363062353332663361306161626164656137306462313733
61646232616533643434666237623133643663393163383235396266643765383533613866386264
62306236313862396335303532353233646438313935653466356361663662663737306534393331
30306531353433616238396437376661383161633134316231333930326234343436353332653164
66353061323136333430663630613934363832313262353661636230623664303837386431653036
37386563643236373438666532383364336639346637313165356530616161353664323635656136
63633533626265633939316563366339646466666335633535303231626561633364336133353561
63626232363031663763303762636566623061623166333935323266333838616363316365623835
32313763643061643737633439643066666132306539366136336562333034313865323565303632
35666331613537303935373039663734376661626632333664353636373264613839373962373733
63303563633537316330643165333033386132333563396234353961353461363832373765346362
35623133353831356263633037396134343764366237373361656465663139633066386365363831
32323063366237653632656163393866656362363162313965653833316465373035663235333833
39393262613536646261343730386264346162653636656130333666643732373739376433363739
39363864316664366336393062626161623330643837323734626136356165653761333265623937
30356231643663343133636265343637333763646238656132653965653434643134
