$ANSIBLE_VAULT;1.1;AES256
61353233333234393838646131386161333664343336633632383866323538313637353738383536
6339626338323735343739643564313933633533323464370a346662383932393631646233636530
61326261623866373335613430353035303232303963663332303935626263636638383137376664
3638666635353930390a386462303233303964636364633335666336306435303933363563616439
36363265633566333265386262626135323739666166363233303338623464633033613464316663
31373331363731386530363837666537346434333031643732633565633239366366396265313539
32343030383265313266626130393966643531303330313339613930616264613239616164386632
33313363376232303135343135303266373262353334666665346135353334656263363062346535
35613166653162366262333438646365333366386337313439313666333135666232363466633530
65316237633237326431336539643962386435323463313838393764633833643064386536623762
63356464356534663238343635636365356463646238393439356631343632333735656466363839
63626261333036613263666163623838663836333061383364313532373837376465663832303934
66376538386265663635656465663531313364333364663335613566623436616630383861313730
3839386330666530393236306266663466383832623832316661
