$ANSIBLE_VAULT;1.1;AES256
38316435636439383136373136613133376361393532373334666333616339663664386636373261
3731303739343534366633333065616661313065316634610a643366396562326130613537646139
63343465613433333739666134653131356439626363393238613961366262303463366266343032
6539633563343162370a343963383336653837383935656562633037663866383466376162386562
39343636303265386166383563303337346436626331383866633765313237623834383665633637
63383635363831323161393761303166393863393462643333646637343930643862373331646532
33663132313665333233386563626363303232333962303931316464303461353939343934313632
32643161323234656563356430376564646165316634363264373566656337393732633463383631
38623530383435663836326533333465323562626639663236353839343863386534303733666561
64316431616633646164306261616563666662633864633664613039366235323235326136383435
39303930636131616563656438343431613462343736653262616332653939303438313639656436
65336335316534393839323436613330376430363366636330376665343366376331333838623335
62316335356133303761303265393835373465653064333438636439613731643439613833386531
6536636465363136326630326431666264366534363962623961
