$ANSIBLE_VAULT;1.1;AES256
39396432646263613565623864616639333466623430633131623661396462333736653632383735
6261343466656235376338613732333362383039303830640a393832323830363738656433306236
34336337613235336230313937633266313063386635623662613634356363303232633432663766
6630653736646362330a303532326437383734303164613233396661333634303031636238313162
32346561363663646235373863663663333466303436306332613665396331313365663261373638
39386265646533333566313637346237333266346238346364333063363438353336633632613539
65616164373732663235326263626463306162313466666263343136313665343239643436626461
65663435306636366165336433643633633736353866633834363434373262366532313663356662
35316135616538363437313765356635646538663335303239303831306165616336663139306263
63333833353539313931663438383330646364313231613361663935333361666539626635613963
64316130613339336364383264366333323665333838633139343264633961663364336436323633
64353435353431376364356264653330346337313032333031323836376563616330333062633364
31666532653161323066316630613139346231326134383434656261623434373761633930396137
3239303663643233373665656532323765663337636263356536
