$ANSIBLE_VAULT;1.1;AES256
32353536336139346132376663376138643661336335346562646235356435666136346139346566
3432643664616361323639353330323134643433613836630a636561666563623238633030313039
31323466306531623635373265313166393566653830623665343037663262656531616132643061
3238323661383562650a373131373665326262363533656131343566646531623135386161363761
33353762336234333366643062663237643533343763333435333864313830656365656139393230
65333137633531326564656339363136663161666263646535636262306266393231623635663363
32346636323939343232333535613737653933313931663166326230666436326537643862306334
37333736646231316235643138333465356230393666366665613562346463353431356462633663
33306466633662363664336366386636663132636537643531376438393435653739323336663334
30323436653462656634326464323262613237313137663637656363393438343564383238663831
66646562626166363735356238626438633162626330646665366138356238313363316166313933
32303833663635376562316364313231383462646635636436326562366264323461386532663561
35616236396362623132666639623336623539623337666133363930376262333663313937656265
3763303334326538663635393631633164666533373431646165
