$ANSIBLE_VAULT;1.1;AES256
37313039333237383930396635633261626366393935333161333333653434326130356561306133
3539663734383134636233626561643938303035626139650a616439653137306462393764633166
63626338316334343863613032656563646136393037616634663338356364383630653639633937
6636386233396337390a666262373764613165663638333338366635623165656666636137343565
63663530663262656462323461393534313264633030376131656365356666613338646334353663
37353337363862303135396532316533393063323561653862653064663834373066633338376532
37623931373933323461313266353531353334646666666139316234653238373530366461383332
33653361313166636364353861303033313632363966626563623662303130353439373737326637
33343463623263653266616439363237313833626164656334666632623761303062633863396563
30653566643462633232656436353232653339623334366432616632633737376461383263633866
62373765663062616331386630616536306638323061363462336161366562353136343437636366
30663530366266333038373434353865393736636533353233633737323764303639636164623335
34623834393262396639653261643165383338656466613735646433306362353238386630656166
3837396332343863616134616136343165326432346664376337
