$ANSIBLE_VAULT;1.1;AES256
31383139353264383533326336333233306431643632313066306335373333376334326265366636
6331313432356361626633333235343866646332356531350a656337643838646332336536316562
61313032313836633864656561633639633734306634623933363539353131326139636434323062
3234663063633566380a626563643366363032303332323132663033373661376635366335376432
38633964633762323661313062353831366532323639623130333132373335623036396439663334
66376231613964333166663937373332373331393964343366313463356165376165643230643531
30303566616466373132373235666233393839346135303262333130393832303337633766386339
36626264336438363735396365313364383364353035373832663038626536393765333761366337
31316130356164343831303463663665343532666163653262373035643561343963373036623734
36363539333764376538353564643735353039336630383439386462356462653766346535643734
61396438653264356130646138333139353836653363343564646432316636633239396465316135
35333032386234376336346436383138613932373163656663396438326131376462643132383961
62663166363337396666363264313966373638343664336535636664316139633562616561666162
3032663931646334336666353332386262393939666463656265
