$ANSIBLE_VAULT;1.1;AES256
38613462653932333562646239613462373664643139393433356332316638353138636138616535
3266303338633239663365366538656261646331353063370a666532366235303435653462333164
62663062623035393630653635343963616535333530623766323638626263616632663431373863
3562643938333832310a353062343162383039656366623466643330643861383337663735336265
66376137663466343837393666373136633038643834636636303239336665376163663632343163
36333532613138376338376236313961333733356335613634363531623234393236363734636661
66646563363437363164646638626564373832353737353861643432396331366364376663656332
33383736366666663139613564623132346338626464396166376332643731633066336435353039
31656661316237393533353633396535386633353738363435343161393630666635323532643735
34653034663738313061666162343437303034366565663134623961623861396262643635626535
33323330626336646266323438363932373031623066303532383237336436303464363130656265
36323433303337396237343964303639356636386231633161303339323562353662343862373932
32333536313839666266326330666435663538613739383061363336646135396332643636353662
3362316235383765313964303936366334663932656435363332
