$ANSIBLE_VAULT;1.1;AES256
35396366666333613633643036343766356135666335366133656238343536626261383339636265
3263383263333035383334333034383163633461316661630a316134366439393837613137306165
34383734356461386165356466306138653936376161303363393563343434633831393438343030
6236386232616334360a393838356632386330383431353233303131623935336361643562643861
35333431326637656439343037363565313331366639333864666236633566346262633761383536
38303863346664623835326437613861343966306666376231373939303461333662393330623730
65323432626533616434383132313766626231333231643834313239356435633633633830313630
38333336633436316634653461663365376132346238616236646439386439373234633566303834
66326536353538333232333337396237613334333833383339636639623539313965323531653232
38393062666235393231343634333661383061633962633239356333663063366162666132326435
64306139666231636434313665386635363038303837613038373432366666336265393239343938
37653032376136306539613062313436646331363438303765353837613662323865626432346337
34356339353265343436383562396166353961373339396139623165373264326634646130666335
3362366635363431396334346233323266366465313537306238
