$ANSIBLE_VAULT;1.1;AES256
61333131306563646461656364356235343763646532343235306465663533336230396630666336
6632376564323636623334376439323964663833626231610a373566616466663838666634636332
31643264656438373561363235326464636166643432376330666630646239633035353835656430
3731653538373865370a623239303866373163393435376637303865613361366439666461646663
63396630353333346662636262393864343064616536376534636535663932323437636162316539
39636437376230346330616464363161396436383765623931393538333865323531383865353964
63613436336339643166376565316432316138643832323863366637363762646532646265653331
33386363346462316662363737383232313831396133393633303432646465323063653034333031
35363938633562383165343162393930393266386365303161633464303934663463393634313537
34386162353761343264646130343365386461363433393866313738653166356330663333373239
35313431343266383565303830643436376531323365623331626434666433646264613737396531
39336235356364613662653263376631663434393232643836306239653837306433313736316436
62303062663662633234393437376337346562663338633534386538356338383862663062653631
6438323162303538343166616437666533346563613937633061
