$ANSIBLE_VAULT;1.1;AES256
32373035303132376336643538623365353435366139633138613261656238303635316165343561
6233646134383632363133393966626239363234643534350a353330643139336463313765386666
61396666383730326338306336646162336238353463303534643163313033306462353731666663
3737306561623632650a303732383333653063393063333537376338303861346330316637623261
31393766373661643732326538346131343263626634343934353836613061653162616530613533
31313933373832643464616639306231646162613439613466383166323362636262646263636665
30366136323265373731313533303666333830646664616430623763643138626164623265306138
63376566653338346530663434613734653864376532316331623332346636333531653861643463
34303335613766376235393361376362323131306537663863333237363233383235336433366638
65313465353566636332373238353938663639383663656131613839383831333563643537343835
31333531363431373664616165343264343064346235313735336363626331323165663565313863
33616461333836373864633165346366326364666431653837353239616331353838356433303063
39663063366434633136373161303063623863386139373762393736643539346636646537363361
3931623332643230393335326232303265663430336533356261
