$ANSIBLE_VAULT;1.1;AES256
39323438626634383364646530366463303038333633326235343637393935666434313032363763
6538653363363764646166626538326638376135613432390a653662396636326461653462636362
64333464623163383032366162333033363838623433373830363235386336343364363635303266
3564396634353231350a373862326661303437343033393832323666663334626662623235636161
64653961343662343939376133346234376437333131623138386432646132396465373930396633
63343338383366346636376363383833313038356130343538623039363963626239316331393738
38333434666637373332646666316338373531343839643464633738376261613330303333656637
32346334323836306437373165623565623535336537383632393338343564326666363039303965
65313461356566363236346633383166623438323837306239613533353633616635336533366535
32616636316538666664336637343061376264396464653965653631643139383335343166396465
63353331333132393065663736326166643535616631333333633039333635353266393261393638
32323636663461653766663330633732633931646234356530393866666436333736643339643132
38616232613230313738613030636136613932616164333633343066353761626237313866626664
3332333865393131386635396635633561636462323863656238
