$ANSIBLE_VAULT;1.1;AES256
66323930323563326564346635653265373164623837666239386539393833363739646462306231
3239306630313733373566316530373264303731666162380a336265346365636531373133643439
61383837376432643062383766343235313434343037353633386535643662616135363434376139
6330643931626430300a626232623636383139343738353365613236396166663038396435343066
34633038353132616162303266623965626339613038633566633062643332386637386461623634
34643761333332356235323136663961343462383966386630323762383839383163623461653332
63626363613434633334626234326136623266666139336465363664323930333836393736626166
31373631663864313436326438303863353239643336343635653163633861383263336431346334
62396562623036386637666432383537313036356465646235303563323237626264363933633366
36386366343432356533373035356438313065643233363435633035643935653834373730393538
63313033616362386632666639633138663662616237333062386133643466343930666162646663
37653531623337656132343765666334376330333731336465626230633566333361626539653361
66333733636333623962396130303062313134653530326461326531353662633739373937663232
3662336361363563653666316266616238303432613961626535
