$ANSIBLE_VAULT;1.1;AES256
36313833383137353735626538306633333033386433343161633865656334343636393261653730
3134393365656239313032323633653934646264663137330a366162356131316366303339633537
36323266316463623165633032663463346562353032653731666234306435643066663537643939
6331663531376330380a656365623861326137353037653462333033373438316161313235353730
65316532626362613632363765613336656534343633376264356463373761366533313832666539
36333230616637326334356361346562366135393733326535636133303465393334643665643761
37323638343862323863333332343165333837323632383736363631393138663836326532613636
34313736393838646635323266363835643634303138626534393132663161333365666461373337
39376533363534653031356461303535666230373236326434313436353136633035646236636262
35646230636231363839363930323738633862343539666533663436326666376335656139386665
35356234316466336437393231343935316134366461383361656564386637333165323362656238
34393561636130666337613938633964343666663464393038623035303062336664363838633234
32366363656363613638313161313463663764373862336664393462353361643064623535666264
3039373737363063666634393837333063663830383537613364
