$ANSIBLE_VAULT;1.1;AES256
37643262303861323538656138383636336465373663633935343362386131373434303265396434
3336383164383565313137616461373835376434363736620a653031373963376137363535393937
37343035343661366637636437636632316534373333623337313139306437343636666365626232
6339643332373564340a376634623765326566396130323763336639393462656334363036303961
39313236616539333466343065663037376531633634636332333832643766336162386134323833
33373231386263343432313333653061363031346134623133386436383439643533336333343231
39353464333638303537313835643965646431333232653366616264383238616338333564626161
61326434623531626131653837666333383236336433323366346233656437363663646263653234
38336264663761333239363637633661653461356532653466636462376632303366396233666636
30613565306430393233376362636363333563633934393362313831313230633466663862373235
36366335303437393365346435323066316266646163333130343036633261316535393830623532
63656561366165653036363630306536653961653334303131393736643230613866326633653161
35646361376335306133333136343664633834353639636439636364346366623839643937626565
6466303463613139306337353362396638323264656331666332
