$ANSIBLE_VAULT;1.1;AES256
35663938643565366636343261393739386565613034616633336536393839326666636232646462
3061373533326135363863373038383033333762626166390a363939303238316365323064373334
61373630336161396338653039653635396132333137336638313634386238653765386432353837
3431666561396639360a356361336261313036366163333163373664663964393539643362363635
30633064353032333636353030633534313634663136353166396530363138303934386463366530
35316637303937326461653830393165383430613037383934376535393861633739306666313434
33386562383739643562376666303062326363633264643332363963653831323364656531663632
63356562386237363962363735623464333765336139653137646532653937313435376337396533
61333431306161376632656539613661376234366234356265326639633030386135323331313334
63356363626433353538643561316434363632616439656165656566616165313132363131376664
37313365333236396364306234303339303662393964353766386563383333663336393039633437
64353035653039383734
